0.00000000 7.68980929 9.67893627 0.01563374
0.25000000 7.68980929 9.67893627 0.01563374
0.25200000 7.68980929 9.67893627 0.01918574
0.25400000 7.68980929 9.67893627 0.02964974
0.25600000 7.68980929 9.67893627 0.04673774
0.25800000 7.68980929 9.67893627 0.07016174
0.26000000 7.68980929 9.67893627 0.09963374
0.26200000 7.68980929 9.67893627 0.13486574
0.26400000 7.68980929 9.67893627 0.17556974
0.26600000 7.68980929 9.67893627 0.22145774
0.26800000 7.68980929 9.67893627 0.27224174
0.27000000 7.68980929 9.67893627 0.32763374
0.27200000 7.68980929 9.67893627 0.38734574
0.27400000 7.68980929 9.67893627 0.45108974
0.27600000 7.68980929 9.67893627 0.51857774
0.27800000 7.68980929 9.67893627 0.58952174
0.28000000 7.68980929 9.67893627 0.66363374
0.28200000 7.68980929 9.67893627 0.74062574
0.28400000 7.68980929 9.67893627 0.82020974
0.28600000 7.68980929 9.67893627 0.90209774
0.28800000 7.68980929 9.67893627 0.98600174
0.29000000 7.68980929 9.67893627 1.07163374
0.29200000 7.68980929 9.67893627 1.15870574
0.29400000 7.68980929 9.67893627 1.24692974
0.29600000 7.68980929 9.67893627 1.33601774
0.29800000 7.68980929 9.67893627 1.42568174
0.30000000 7.68980929 9.67893627 1.51563374
0.30200000 7.68980929 9.67893627 1.60558574
0.30400000 7.68980929 9.67893627 1.69524974
0.30600000 7.68980929 9.67893627 1.78433774
0.30800000 7.68980929 9.67893627 1.87256174
0.31000000 7.68980929 9.67893627 1.95963374
0.31200000 7.68980929 9.67893627 2.04526574
0.31400000 7.68980929 9.67893627 2.12916974
0.31600000 7.68980929 9.67893627 2.21105774
0.31800000 7.68980929 9.67893627 2.29064174
0.32000000 7.68980929 9.67893627 2.36763374
0.32200000 7.68980929 9.67893627 2.44174574
0.32400000 7.68980929 9.67893627 2.51268974
0.32600000 7.68980929 9.67893627 2.58017774
0.32800000 7.68980929 9.67893627 2.64392174
0.33000000 7.68980929 9.67893627 2.70363374
0.33200000 7.68980929 9.67893627 2.75902574
0.33400000 7.68980929 9.67893627 2.80980974
0.33600000 7.68980929 9.67893627 2.85569774
0.33800000 7.68980929 9.67893627 2.89640174
0.34000000 7.68980929 9.67893627 2.93163374
0.34200000 7.68980929 9.67893627 2.96110574
0.34400000 7.68980929 9.67893627 2.98452974
0.34600000 7.68980929 9.67893627 3.00161774
0.34800000 7.68980929 9.67893627 3.01208174
0.35000000 7.68980929 9.67893627 3.01563374
0.75000000 7.68980929 9.67893627 3.01563374
