0.00000000 9.43980929 9.32893627 0.42230026
0.25000000 9.43980929 9.32893627 0.42230026
0.25600000 9.43980929 9.32893627 0.42395786
0.26200000 9.43980929 9.32893627 0.42884106
0.26800000 9.43980929 9.32893627 0.43681546
0.27400000 9.43980929 9.32893627 0.44774666
0.28000000 9.43980929 9.32893627 0.46150026
0.28600000 9.43980929 9.32893627 0.47794186
0.29200000 9.43980929 9.32893627 0.49693706
0.29800000 9.43980929 9.32893627 0.51835146
0.30400000 9.43980929 9.32893627 0.54205066
0.31000000 9.43980929 9.32893627 0.56790026
0.31600000 9.43980929 9.32893627 0.59576586
0.32200000 9.43980929 9.32893627 0.62551306
0.32800000 9.43980929 9.32893627 0.65700746
0.33400000 9.43980929 9.32893627 0.69011466
0.34000000 9.43980929 9.32893627 0.72470026
0.34600000 9.43980929 9.32893627 0.76062986
0.35200000 9.43980929 9.32893627 0.79776906
0.35800000 9.43980929 9.32893627 0.83598346
0.36400000 9.43980929 9.32893627 0.87513866
0.37000000 9.43980929 9.32893627 0.91510026
0.37600000 9.43980929 9.32893627 0.95573386
0.38200000 9.43980929 9.32893627 0.99690506
0.38800000 9.43980929 9.32893627 1.03847946
0.39400000 9.43980929 9.32893627 1.08032266
0.40000000 9.43980929 9.32893627 1.12230026
0.40600000 9.43980929 9.32893627 1.16427786
0.41200000 9.43980929 9.32893627 1.20612106
0.41800000 9.43980929 9.32893627 1.24769546
0.42400000 9.43980929 9.32893627 1.28886666
0.43000000 9.43980929 9.32893627 1.32950026
0.43600000 9.43980929 9.32893627 1.36946186
0.44200000 9.43980929 9.32893627 1.40861706
0.44800000 9.43980929 9.32893627 1.44683146
0.45400000 9.43980929 9.32893627 1.48397066
0.46000000 9.43980929 9.32893627 1.51990026
0.46600000 9.43980929 9.32893627 1.55448586
0.47200000 9.43980929 9.32893627 1.58759306
0.47800000 9.43980929 9.32893627 1.61908746
0.48400000 9.43980929 9.32893627 1.64883466
0.49000000 9.43980929 9.32893627 1.67670026
0.49600000 9.43980929 9.32893627 1.70254986
0.50200000 9.43980929 9.32893627 1.72624906
0.50800000 9.43980929 9.32893627 1.74766346
0.51400000 9.43980929 9.32893627 1.76665866
0.52000000 9.43980929 9.32893627 1.78310026
0.52600000 9.43980929 9.32893627 1.79685386
0.53200000 9.43980929 9.32893627 1.80778506
0.53800000 9.43980929 9.32893627 1.81575946
0.54400000 9.43980929 9.32893627 1.82064266
0.55000000 9.43980929 9.32893627 1.82230026
6.00000000 9.43980929 9.32893627 1.82230026
