0.00000000 0.76000000 0.23500000 0.00000000
0.50000000 0.76000000 0.23500000 0.00000000
0.51000000 0.76000000 0.23500000 0.00073408
0.52000000 0.76000000 0.23500000 0.00289664
0.53000000 0.76000000 0.23500000 0.00642816
0.54000000 0.76000000 0.23500000 0.01126912
0.55000000 0.76000000 0.23500000 0.01736000
0.56000000 0.76000000 0.23500000 0.02464128
0.57000000 0.76000000 0.23500000 0.03305344
0.58000000 0.76000000 0.23500000 0.04253696
0.59000000 0.76000000 0.23500000 0.05303232
0.60000000 0.76000000 0.23500000 0.06448000
0.61000000 0.76000000 0.23500000 0.07682048
0.62000000 0.76000000 0.23500000 0.08999424
0.63000000 0.76000000 0.23500000 0.10394176
0.64000000 0.76000000 0.23500000 0.11860352
0.65000000 0.76000000 0.23500000 0.13392000
0.66000000 0.76000000 0.23500000 0.14983168
0.67000000 0.76000000 0.23500000 0.16627904
0.68000000 0.76000000 0.23500000 0.18320256
0.69000000 0.76000000 0.23500000 0.20054272
0.70000000 0.76000000 0.23500000 0.21824000
0.71000000 0.76000000 0.23500000 0.23623488
0.72000000 0.76000000 0.23500000 0.25446784
0.73000000 0.76000000 0.23500000 0.27287936
0.74000000 0.76000000 0.23500000 0.29140992
0.75000000 0.76000000 0.23500000 0.31000000
0.76000000 0.76000000 0.23500000 0.32859008
0.77000000 0.76000000 0.23500000 0.34712064
0.78000000 0.76000000 0.23500000 0.36553216
0.79000000 0.76000000 0.23500000 0.38376512
0.80000000 0.76000000 0.23500000 0.40176000
0.81000000 0.76000000 0.23500000 0.41945728
0.82000000 0.76000000 0.23500000 0.43679744
0.83000000 0.76000000 0.23500000 0.45372096
0.84000000 0.76000000 0.23500000 0.47016832
0.85000000 0.76000000 0.23500000 0.48608000
0.86000000 0.76000000 0.23500000 0.50139648
0.87000000 0.76000000 0.23500000 0.51605824
0.88000000 0.76000000 0.23500000 0.53000576
0.89000000 0.76000000 0.23500000 0.54317952
0.90000000 0.76000000 0.23500000 0.55552000
0.91000000 0.76000000 0.23500000 0.56696768
0.92000000 0.76000000 0.23500000 0.57746304
0.93000000 0.76000000 0.23500000 0.58694656
0.94000000 0.76000000 0.23500000 0.59535872
0.95000000 0.76000000 0.23500000 0.60264000
0.96000000 0.76000000 0.23500000 0.60873088
0.97000000 0.76000000 0.23500000 0.61357184
0.98000000 0.76000000 0.23500000 0.61710336
0.99000000 0.76000000 0.23500000 0.61926592
1.00000000 0.76000000 0.23500000 0.62000000
7.00000000 0.76000000 0.23500000 0.62000000
